279































351































331































388































220































558































425































107































202































594































56































444































333































2165































967































556































334































644































294































33































567































1171































899































152































452































375































1697































448































659

888